5102.039499 2379.103104
4815.383674 2223.875490
5173.413060 2357.329482
5077.522880 2340.308672
4565.953703 2498.647116
4781.663696 2379.244818
4947.496968 2409.011993
4826.852428 2188.689091
4739.706450 2409.232285
4689.236975 2613.886294
4655.760999 2438.851562
4373.408725 2366.275615
5031.931691 2097.392800
5065.189772 2377.239256
4515.807524 2512.881658
4892.091844 2422.445828
4521.455926 2333.625329
4957.902430 2342.845876
5169.723430 2067.093622
5001.575938 2265.841425
4604.806452 2232.138346
4895.023277 2511.816674
4629.617831 2377.744380
4969.906250 2505.367163
4783.595577 2219.773470
4855.254790 2171.560275
4272.432525 2393.001979
4305.059126 2403.303151
4968.098491 2207.457444
4857.899712 2463.010909
4550.855738 2318.699712
5179.068537 2116.888983
4821.415309 2203.042403
5289.863631 2152.218644
4851.085678 2405.833642
4439.755948 2211.538028
4760.041891 2407.876350
4712.792439 2268.399988
4760.646383 2322.318787
4676.612205 2337.497736
4432.398946 2419.982305
4721.899290 2305.797080
5001.876531 2387.805934
4602.866345 2729.664916
4844.436395 2436.180847
4329.964596 2284.220995
5033.244308 2197.540613
5128.694036 2393.963728
4510.731760 2339.700779
4908.136853 2244.585025
