10
-5 11
-7.7 -4.2
6.8 16.4
7.0 10.6
27.6 -11.2
13.8 -37.1
1.9 27.5
-27.8 -5.6
35.0 -39.5
-18.8 -12.0
-48.7 -46.2
48.6 -49.7
-36.3 -43.8
1.0 -14.4
23.8 -15.7
-13.3 -31.3
36.3 -38.3
39.9 -4.4
15.3 15.9
6.4 -15.1
38.4 -27.7
-49.6 -43.1
-47.7 45.6
-36.6 32.5
-42.9 -47.4
6.2 14.7
9.5 -32.0
37.7 -22.7
-34.8 -13.5
17.9 -4.6
-47.3 33.7
-48.8 -49.3
2.4 36.3
-1.2 31.7
-44.0 -14.9
36.2 3.1
-27.5 -15.2
-1.7 6.6
47.6 -29.8
-18.1 -49.3
20.8 45.4
-48.3 -34.0
-24.9 -19.1
-34.9 26.0
35.8 -29.7
0.9 33.6
-7.5 24.3
-40.8 -16.4
-33.8 22.0
7.2 1.0
-48.1 48.2
-16.1 -7.2
3.6 36.9
3.5 -0.0
-6.9 36.4
5.3 -22.7
48.6 19.6
-5.7 11.0
-8.2 34.1
-37.6 31.5
-17.2 48.8
29.8 -36.6
-46.3 32.8
-0.0 -1.4
-12.0 18.4
48.0 36.1
23.7 11.9
-16.9 19.8
19.4 -31.0
6.8 47.1
35.2 -10.4
-15.1 24.6
-9.4 17.2
7.4 -48.6
-16.4 36.6
23.7 -16.8
-18.4 22.1
-32.3 -21.0
12.7 -2.6
21.0 25.9
-10.8 45.0
42.2 -17.6
-40.9 -44.0
10.5 9.2
36.6 -44.6
17.0 -35.6
7.2 30.7
38.7 33.4
46.0 18.9
31.7 -16.5
-42.6 38.0
-44.1 28.0
-50.0 18.5
20.0 9.6
46.2 14.6
-11.0 -17.7
11.9 4.0
-34.8 -43.9
21.7 -8.3
-11.5 9.6
